[{"id": 0, "img_name": "IMG_4026", "width": 4032, "height": 3024, "position": [-2.6039565151052417, -1.7795310807946851, -0.8762625221855644], "rotation": [[0.9976061640992356, 0.024241846000802907, -0.06476321682623763], [-0.020703782166446912, 0.9982851975962349, 0.054754156593363336], [0.06597950253838859, -0.053282240594025275, 0.9963973645499404]], "fy": 3373.513783416116, "fx": 3358.6054034240533}, {"id": 1, "img_name": "IMG_4030", "width": 4032, "height": 3024, "position": [5.385955709524114, -1.0085608398065196, 1.216579175248212], "rotation": [[0.9636080422401733, -0.004555967732880957, -0.2672803473659772], [0.009312360964038178, 0.9998199925447148, 0.01653065156495699], [0.26715692179566675, -0.018418079864728147, 0.9634770124246662]], "fy": 3373.513783416116, "fx": 3358.6054034240533}, {"id": 2, "img_name": "IMG_4034", "width": 4032, "height": 3024, "position": [-1.9709195261621415, -0.5020608270879886, -0.6950225734786187], "rotation": [[0.9990871909885447, 0.00022912785155514885, -0.0427168854558336], [0.000862697254591886, 0.9996734445710009, 0.02553938082641834], [0.042708787808436885, -0.02555291998926046, 0.9987607359743155]], "fy": 3373.513783416116, "fx": 3358.6054034240533}, {"id": 3, "img_name": "IMG_4036", "width": 4032, "height": 3024, "position": [-3.7756792878347585, 0.6406547140067169, -1.0463515521813815], "rotation": [[0.9999952620994915, 0.00028036743464218217, -0.003065480822156917], [-0.00027749763603920094, 0.999999522933384, 0.0009365511551981671], [0.003065741938163149, -0.0009356960542305006, 0.999994862836436]], "fy": 3373.513783416116, "fx": 3358.6054034240533}, {"id": 4, "img_name": "IMG_4038", "width": 4032, "height": 3024, "position": [1.8539193445930502, 0.49728487272716326, 0.15564669836068065], "rotation": [[0.9770141019370747, 0.017111771065263626, -0.21248678054669962], [-0.013440822938261425, 0.9997346287506883, 0.018708724046970496], [0.2127505320670987, -0.015422690029090032, 0.9769848267692968]], "fy": 3373.513783416116, "fx": 3358.6054034240533}, {"id": 5, "img_name": "IMG_4040", "width": 4032, "height": 3024, "position": [6.051827250436723, 0.6236341453542134, 1.6421917166320437], "rotation": [[0.9540043733492092, -0.0033502570900571967, -0.2997739671953075], [-0.006028654233677815, 0.9995209618465637, -0.030356254008865595], [0.2997320652828348, 0.030767232679435624, 0.95352717131424]], "fy": 3373.513783416116, "fx": 3358.6054034240533}, {"id": 6, "img_name": "IMG_4042", "width": 4032, "height": 3024, "position": [4.200472526613269, 1.5285789375714687, 1.1364888273148006], "rotation": [[0.9698699736418797, -0.005206117355884385, -0.24356750721304463], [-0.0028318736439808105, 0.9994631843542816, -0.032639295520339985], [0.24360668036727628, 0.03234562509020838, 0.9693345891991885]], "fy": 3373.513783416116, "fx": 3358.6054034240533}, {"id": 7, "img_name": "IMG_4045", "width": 4032, "height": 3024, "position": [-3.0897917518138502, 1.7149005579407288, 0.1089218383954761], "rotation": [[0.9979636870559097, -0.05943814718608211, -0.02314273054028117], [0.0586995062599101, 0.9977821955953649, -0.031385635531809904], [0.024956908514822095, 0.029963257699697335, 0.9992393886879181]], "fy": 3373.513783416116, "fx": 3358.6054034240533}]