[{"id": 0, "img_name": "P1180141", "width": 3072, "height": 2304, "position": [-4.190792421982164, -0.4215233674575343, -2.469279675899575], "rotation": [[0.999454065255771, 0.03188041339627474, 0.008672409434270938], [-0.031816078805301844, 0.9994659163862483, -0.007457822178881589], [-0.008905536096599, 0.0071778286326452485, 0.9999345829617818]], "fy": 2615.633044240346, "fx": 2615.633044240346}, {"id": 1, "img_name": "P1180142", "width": 3072, "height": 2304, "position": [-3.3493723100951853, -0.3513227878363809, -1.97287294792743], "rotation": [[0.9999994258485817, 0.0006965638937416963, 0.000814310290364795], [-0.0006973616616123486, 0.999999276827051, 0.0009798122718957518], [-0.0008136271996263733, -0.000980379578112303, 0.9999991884330023]], "fy": 2612.755397437634, "fx": 2612.755397437634}, {"id": 2, "img_name": "P1180143", "width": 3072, "height": 2304, "position": [-2.5973861202096242, -0.24486334655280442, -1.4002623876736262], "rotation": [[0.9999187352480627, 0.0022090597976496787, -0.012555594558799609], [-0.0023103767239845744, 0.9999648430471196, -0.008060696566840312], [0.01253734658162646, 0.008089049669757802, 0.9998886849125419]], "fy": 2608.217039755629, "fx": 2608.2170397556283}, {"id": 3, "img_name": "P1180144", "width": 3072, "height": 2304, "position": [-1.0836207150937762, -0.046117124309386734, -0.325373840202906], "rotation": [[0.9939297054467466, 0.009731017873596428, -0.10958580164276373], [-0.006228140976776676, 0.9994600492353528, 0.03226174580582432], [0.10984057033044213, -0.03138339168429657, 0.9934536384934495]], "fy": 2604.573593496959, "fx": 2604.573593496959}, {"id": 4, "img_name": "P1180145", "width": 3072, "height": 2304, "position": [0.11547541933009589, 0.03655143446268667, 0.2046640734324584], "rotation": [[0.9932235008482896, 0.005048797668060186, -0.11611023643406511], [0.0019723450492813623, 0.9981798383018538, 0.0602753702824933], [0.1162032151778688, -0.060095923736906594, 0.9914057155032614]], "fy": 2607.542186305486, "fx": 2607.542186305486}, {"id": 5, "img_name": "P1180146", "width": 3072, "height": 2304, "position": [0.9688117882822771, 0.15141216955790962, 0.7717161406336126], "rotation": [[0.9647443378908541, -0.014039421700960323, -0.26281411139023764], [0.018863900979210018, 0.9996965352858307, 0.015842682138850053], [0.26251193448562327, -0.02024183726366467, 0.9647164102868819]], "fy": 2604.388160367248, "fx": 2604.388160367248}, {"id": 6, "img_name": "P1180147", "width": 3072, "height": 2304, "position": [2.0636883739675445, 0.209896057729935, 1.1763170465590218], "rotation": [[0.9582358861910475, -0.056770890555003756, -0.28028744602862565], [0.05375928174924924, 0.9983838727889361, -0.0184277557171359], [0.28088062596317104, 0.002590085048291486, 0.9597392174012586]], "fy": 2600.7771049708726, "fx": 2600.7771049708726}, {"id": 7, "img_name": "P1180148", "width": 3072, "height": 2304, "position": [3.462908673541117, 0.2957718162751696, 1.8031135198105814], "rotation": [[0.9357590941841775, -0.06203258466842479, -0.3471410031830905], [0.054518102079218374, 0.9980195174494539, -0.03138183129835607], [0.3484001925907729, 0.010440365382172344, 0.937287738409822]], "fy": 2597.545391882595, "fx": 2597.545391882595}, {"id": 8, "img_name": "P1180149", "width": 3072, "height": 2304, "position": [4.6102875437422, 0.37019514092326905, 2.2119780571791394], "rotation": [[0.8848660344164258, -0.06544048912484508, -0.46122623897524506], [0.06466320785970353, 0.997753544386076, -0.017508118525852427], [0.46133585454139764, -0.014332028751141772, 0.8871098140965608]], "fy": 2596.8011163463916, "fx": 2596.8011163463916}, {"id": 9, "img_name": "P1180150", "width": 3072, "height": 2304, "position": [6.083237479707632, 0.4891754096653779, 2.9348798071370474], "rotation": [[0.8641580821965983, -0.08872339042701069, -0.4953372275182166], [0.08734383139728387, 0.9958390507634769, -0.025993077758118557], [0.4955823484458866, -0.020802523059306365, 0.8683118051386994]], "fy": 2599.313486934815, "fx": 2599.313486934814}]